
579 
ASUS01 KWBC 121930
CODSUS
 
CODED SURFACE FRONTAL POSITIONS
NWS WEATHER PREDICTION CENTER COLLEGE PARK MD
329 PM EDT MON OCT 12 2020
 
VALID 101218Z
HIGHS 1018 2789 1021 35100 1029 4767 1024 39120 1026 42121 1025 40111 1027 
40107 1027 38107 1022 52126 1017 7599 1018 7084 1018 6475 1024 72159 1021 
68138 1027 5268 1029 4564 
LOWS 1002 49108 1014 34114 979 60102 994 4889 1006 72119 1008 62129 1012 
79105 1010 3776 987 6154 1007 7672 1010 46141 1004 60149 
TROF 2388 2485 2583 2582 
COLD WK 3675 3574 3375 3176 2977 2779 2681 
TROF 2479 2678 2777 2976 
STNRY WK 43121 43124 43127 43129 
TROF 49108 48110 49112 50114 52116 
COLD WK 49108 47110 45112 44114 45116 45117 44117 43118 43121 
WARM WK 49108 48105 47103 46102 
WARM WK 4889 4788 4787 4586 4385 4284 4182 4081 3981 3881 
OCFNT WK 60101 6198 6094 5691 5289 4889 
WARM WK 6294 6187 6080 5776 
COLD WK 57111 57117 58122 59125 
STNRY WK 59125 61126 62128 62129 
STNRY WK 62129 62134 62140 62146 61149 61152 
TROF 72119 70115 68112 65111 62110 61108 60106 60103 60102 
TROF 6496 6499 62101 60102 
TROF 60102 56100 53101 51104 49108 
TROF 4770 4573 4377 4280 4283 
TROF 40124 38123 35121 34119 33117 33117 
TROF 39118 37117 34114 
TROF 37109 36109 34109 34111 
TROF 43102 40102 38103 37105 
TROF 47105 44106 42108 41110 
TROF 49116 46119 45123 
TROF 70139 70129 72119 
TROF 8292 81102 79105 
TROF 79106 77111 74119 
TROF 69168 67163 65162 62163 
TROF 65144 64149 62153 60155 
STNRY WK 3863 3864 3766 3767 3769 3872 3874 3775 3776 
STNRY WK 3776 3677 3678 3579 3481 3481 3582 3582 3682 3782 
3881 
TROF 3579 3379 3281 3182 3184 
TROF 3888 3688 3490 3391 3193 
TROF 34114 33115 31114 29112 25109 23105 
STNRY WK 29102 29104 30106 32107 34107 35106 36105 
COLD WK 4889 4588 4288 4088 3790 3492 3294 3096 2998 2999 
29101 29102 
TROF 3189 2992 2896 28100 28103 
WARM WK 5439 5337 5233 
OCFNT WK 6156 6255 6252 6148 6046 5842 5640 5439 
COLD WK 5439 5239 5039 
TROF 7671 7567 7460 7254 6952 6652 
STNRY WK 6534 6438 6341 6141 6042 
TROF 5355 5159 4963 4966 
TROF 65132 64131 63129 
TROF 60149 59143 57137 53131 
TROF 55157 56154 58150 
COLD WK 46141 45142 
WARM WK 46141 45136 44133 43129 
TROF 80147 78150 76155 74160 
STNRY WK 60152 59154 58157 57160 
 
$$
