
025 
ASUS01 KWBC 121411
CODSUS
 
CODED SURFACE FRONTAL POSITIONS
NWS WEATHER PREDICTION CENTER COLLEGE PARK MD
1011 AM EDT MON OCT 12 2020
 
VALID 101212Z
HIGHS 1015 2790 1022 36112 1024 74157 1019 6580 1023 39104 1029 4970 1033 
4570 1031 4767 1025 42121 1024 39120 1025 40111 1030 40107 1021 46133 
LOWS 1009 28105 1012 35114 995 4791 982 59101 1009 3579 1009 3777 1008 71123 
1000 59149 1002 61150 1002 50114 985 6053 1005 7671 
TROF 30107 28104 24102 22101 1899 
TROF 1893 2192 2389 
COLD WK 3777 3676 3476 3377 3177 3178 3079 2979 2881 2882 
2683 2685 2587 2589 
TROF 2382 2579 2878 3077 3176 
TROF 32115 32115 
TROF 35114 36114 36115 37115 37116 37117 38118 39118 39118 
TROF 33119 36120 38121 39121 40122 41122 
TROF 43113 43115 43116 43117 44118 44118 
TROF 4184 4280 4476 4573 
STNRY WK 5480 5684 5785 5890 5991 5994 
OCFNT WK 59101 6098 5994 5693 5292 4992 4792 
WARM WK 3777 3775 3775 3674 3674 
OCFNT WK 3579 3677 3777 
STNRY WK 3861 3864 3667 3669 3770 3772 3776 3778 3779 3680 
3782 3782 3883 3884 3885 3987 4087 4188 4288 4389 
4389 4590 4691 4791 
TROF 71122 71119 71117 69114 68112 66110 65110 63108 61107 61105 
60105 59103 59102 59101 
STNRY WK 58115 58117 59121 60124 62129 62132 62136 62145 62146 62147 
61149 61150 60153 58158 57162 57164 
COLD WK 50114 49114 48115 47117 44121 44122 43125 43125 
STNRY WK 31106 32107 34106 36106 
COLD WK 4792 4691 4591 4391 4092 3693 3396 3297 3199 31101 
30103 30104 31105 
TROF 60149 60148 60147 60146 60143 59140 57135 54131 51128 
TROF 35114 34115 32115 32115 30114 25112 22109 
TROF 50113 50110 49108 48107 46107 44108 43108 
TROF 3482 3481 3579 3579 
OCFNT WK 6053 6154 6154 6252 6250 6148 5946 
COLD WK 5946 5745 5544 5143 
WARM WK 5946 5944 6042 6241 6339 6436 6433 
TROF 7671 7566 7361 7158 7057 
TROF 6353 6551 6650 6850 7051 
TROF 52106 53104 55101 57101 59101 
COLD WK 73170 73170 
COLD WK 43125 42128 43131 
WARM WK 44141 44137 43131 
OCFNT WK 55158 55154 
WARM WK 55155 55150 54147 
TROF 60146 60146 
TROF 33117 34119 
 
$$
