
002 
ASUS02 KWBC 122100
CODSUS

CODED SURFACE FRONTAL POSITIONS
NWS WEATHER PREDICTION CENTER COLLEGE PARK MD
626 PM EDT MON OCT 12 2020

VALID 101221Z
HIGHS 1016 2700897 1018 3530992 1022 3931106 1021 3621119 1022 3781070 1023
4121203 1025 4401249 1027 3631339 1022 5001262 1026 5230667 1028 4850673 1029
4560613 1018 7490970 1018 6960815 1018 6430723 1024 7091555 1022 6841394
LOWS 1003 2030998 994 5260877 995 4820870 1009 3680888 1009 3670744 1009
3660761 1007 7560715 1010 4541394 990 6140530 999 5980428 1006 7171193 1009
6161278 1006 6021468 1002 5611573 1011 3441141 994 6051015 1011 3801040 1012
7891060
STNRY 2901045 2971055 3071064 3171070 3311072 3431070
TROF 1750965 1900981 2151020 2381047 2561064 2751080 2961092
COLD 3680888 3440903 3190926 3010952 2900977 2841006 2841029 2891045
TROF 2480814 2350847 2360883
TROF 2350786 2510777 2690766 2830757
TROF 3400788 3230804 3100824
COLD 3670744 3420741 3170746 2900760 2750774 2690787 2650805
WARM 4791038 4761021 4681006 4590999
TROF 7161190 7061147 6841121 6451106 6171095 6061076 6011043 6041014
TROF 6041014 5770984 5410976 5110988 4931009 4811037
STNRY 3790874 3730880 3680888
TROF 4101225 3841222 3621214 3461200 3371180 3261168 3021154 2811138 2561118
2271092
WARM 4541394 4561359 4471324 4311298
COLD 4541394 4461400 4401410
STNRY 3810627 3750652 3730678 3750702 3790735 3760752 3660762
COLD 3650762 3520778 3420795 3390806 3400814 3420818
TROF 6600977 6341014 6051014
TROF 4180836 3910847 3620864 3340885 3100913 2980942 2880970 2790990 2761005
2761026
COLD 4820870 4650864 4460858 4220857 4050860 3910866 3790874
STNRY 3430818 3470820 3510820 3570817 3630816 3690816 3760814 3830810
WARM 4820870 4670854 4440840 4320834 4190825 4100819 4040814 3970807 3910806
3840810
OCFNT 6041015 6080966 5960919 5660890 5260877
OCFNT 5260878 5020873 4820870
WARM 6170919 6100850 5910775 5620714
COLD 4791038 4641064 4531094 4481117 4421133 4321147 4271167 4271195
OCFNT 6120535 6210546 6290543 6330526 6270505 6130481 6020458 5970429
OCFNT 5970428 5870403 5710386
WARM 5700385 5560359 5380331 5240311
COLD 5690385 5490379 5240377 5080379
STNRY 6530319 6480366 6370395 6230409 6090415
COLD 5651117 5611163 5631200 5741229 5971251
STNRY 5981251 6091263 6161278
STNRY 6151279 6191346 6191420 6201466 6121504 5921539 5801560 5691587
STNRY 4271196 4261211 4231227 4241239 4291248 4301260 4261279 4271290 4311298
TROF 3891169 3691160 3561151 3441141
TROF 3571076 3481079 3391087 3361095 3351107 3371123 3441141
TROF 3791040 3601048 3381050 3241047 3241047
TROF 4421001 4221006 3981020 3811039
TROF 4531063 4311074 4131092 4021114
TROF 4101047 3951045 3811040
TROF 4851142 4711172 4571206 4491226
TROF 4981127 4841101 4791075 4791042
TROF 7151194 7081259 7021338 6991396
TROF 8250925 8131019 7891064
TROF 7881064 7601127 7321189
TROF 5240868 5070838 4850819
TROF 4760688 4540726 4350772 4250803 4210819
TROF 6120529 5820510 5480513 5240536 5090568 5030607 5040656
TROF 7560714 7440618 7230552 6980519 6740517 6440527
TROF 7560718 7480761 7430827
TROF 8040674 7810709 7590713
TROF 8021440 7761496 7521568 7341639
TROF 6791688 6481676 6191642 5921589
TROF 6441420 6401463 6271502 6101522
TROF 5611571 5701525 5671471 5511418
TROF 6011468 5981420 5851384
TROF 5001389 4771398 4551395

$$
