
374 
ASUS02 KWBC 120000
CODSUS

CODED SURFACE FRONTAL POSITIONS
NWS WEATHER PREDICTION CENTER COLLEGE PARK MD
930 PM EDT SUN OCT 11 2020

VALID 101200Z
HIGHS 1013 2760901 1017 3591123 1021 4161130 1008 5601236 1029 4990737 1017
6650883 1018 6450845 1023 7421601 1025 7100380 1029 4800718 1013 4121034
LOWS 998 3910995 986 5701038 1008 3381161 1018 4281179 1001 5951231 990 6171505
996 5941679 1008 3450849 1009 3420811 1005 7081234 992 5730524 999 6060605 998
7600700 997 5901514 998 4861272 1009 4341053
TROF 2931073 2641064 2331042 2141022 1900989
TROF 2210890 2060900 1870909 1650914
TROF 2000881 1580886
TROF 3910995 3820995 3660990 3490987 3300988 3120992 2971000
WARM 5711012 5710965 5700905 5590858 5400835
COLD 4650964 4560966 4280974 4010990 3821011 3681036 3591068 3601100 3671125
3671130
WARM 4660964 4510942 4330920 4190898 4090875
TROF 4261180 4401190 4551199 4731210 4891229
TROF 6121512 6001521 5881515
TROF 5951674 6271662 6541657 6751664 6891677 7041705 7211754
OCFNT 3450849 3450838 3440825 3410811
WARM 3420810 3450800 3440787 3410778 3370769 3270754
TROF 3530786 3560768 3650749 3670724 3600698 3630680
STNRY 5941233 6061250 6211282 6261310 6261344 6251395 6241448 6181495 6231540
6321565
TROF 6231500 6451504 6681517 6901489
TROF 7041233 7121322 7261417
TROF 5681042 5791082 5991111 6271129 6561124 6791142 6941174 7061230
STNRY 3850657 3800688 3870724 3880749 3940772 4060808 4020830 4020851 4080875
TROF 3371162 3431185 3561205 3751216 3961222 4191222
TROF 3440851 3410868 3420889 3510909 3630924
OCFNT 5681037 5621011 5490988 5310973 5050965 4800963 4650964
TROF 3361160 3211156 3001148 2661120 2431107 2301101
STNRY 3671130 3701137 3701148 3671164 3731184 3901205
COLD 3410809 3270803 3050808 2880818 2740831 2580856 2500885
TROF 3070844 3140828 3250815 3350810
WARM 5980494 5960463 5950418 5850379
OCFNT 5720526 5850530 5980519 5980494
TROF 5720527 5470514 5210523
TROF 6060607 5780594 5570596
TROF 7600707 7310623 7030592
COLD 5980494 5590481 5050495 4550527 4330551 4220570 4090595 3970627 3850656
TROF 5861509 5621463 5331433
TROF 6050605 6350606 6630570
TROF 7640688 7910596
COLD 4841271 4611278 4441298 4341326 4271358 4231394 4191431
STNRY 4281259 4481249 4621248 4771256 4851274
TROF 5081291 5251297 5411310 5391307
TROF 4340841 4520808 4610778 4620749 4740722
TROF 3980764 4230760 4480737
TROF 5921234 5761241 5601264 5411278 5191278
TROF 4331052 4441035 4611021
TROF 4321054 4221082 4201104 4201123 4251150 4261175
TROF 5551040 5351063 5171097 4991137
TROF 5881522 5841563 5911608

$$


451 
ASUS02 KWBC 120000
CODSUS

CODED SURFACE FRONTAL POSITIONS
NWS WEATHER PREDICTION CENTER COLLEGE PARK MD
958 PM EDT SUN OCT 11 2020

VALID 101200Z
HIGHS 1013 2760901 1017 3591123 1021 4161130 1008 5601236 1029 4990737 1017
6650883 1018 6450845 1025 7100380 1023 7421601 1013 4121034 1029 4800718
LOWS 998 3910995 986 5701038 1008 3381161 1018 4281179 1001 5951231 990 6171505
996 5941679 1008 3450849 1009 3420811 1005 7081234 992 5730524 999 6060605 998
7600700 997 5901514 998 4861272 1009 4341053
TROF 2931073 2641064 2331042 2141022 1900989
TROF 2210890 2060900 1870909 1650914
TROF 2000881 1580886
TROF 3910995 3820995 3660990 3490987 3300988 3120992 2971000
WARM 5711012 5710965 5700905 5590858 5400835
COLD 4650964 4560966 4280974 4010990 3821011 3681036 3591068 3601100 3671125
3671130
WARM 4660964 4510942 4330920 4190898 4090875
TROF 5951674 6271662 6541657 6751664 6891677 7041705 7121724
OCFNT 3450849 3450838 3440825 3410811
TROF 3530786 3560768 3650749 3670724 3600698 3630680
TROF 7041233 7121322 7261417
TROF 5681042 5791082 5991111 6271129 6561124 6791142 6941174 7061230
TROF 3371162 3431185 3561205 3751216 3961222 4191222
TROF 3440851 3410868 3420889 3510909 3630924
OCFNT 5681037 5621011 5490988 5310973 5050965 4800963 4650964
TROF 3361160 3211156 3001148 2661120 2431107 2301101
STNRY 3671130 3701137 3701148 3671164 3731184 3901205
COLD 3410809 3270803 3050808 2880818 2740831 2580856 2500885
TROF 3070844 3140828 3250815 3350810
WARM 5980494 5960463 5950418 5850379
OCFNT 5720526 5850530 5980519 5980494
TROF 5720527 5470514 5210523
TROF 6060607 5780594 5570596
TROF 7600707 7310623 7030592
TROF 6050605 6350606 6630570
TROF 7640688 7910596
WARM 3420810 3450800 3440787 3410778 3370769 3270754
STNRY 3850657 3800688 3870724 3880749 3940772 4060808 4020830 4020851 4080875
COLD 5980494 5590481 5050495 4550527 4390545
COLD 4180577 4090595 3970627 3850656
TROF 6121512 6001521 5881515
TROF 5861509 5621463 5331433
STNRY 5941233 6061250 6211282 6261310 6261344 6251395 6241448 6181495 6231540
6321565
TROF 6231500 6451504 6681517 6901489
TROF 3980764 4230760 4480737
TROF 4340841 4520808 4610778 4620749 4740722
TROF 5921234 5761241 5601264 5411278 5191278
TROF 5081291 5251297 5411310 5391307
TROF 4331052 4441035 4611021
TROF 4261180 4401190 4551199 4731210 4891229
STNRY 4281259 4481249 4621248 4771256 4851274
COLD 4841271 4611278 4441298 4341326 4271358 4231394 4231394
TROF 5551040 5351063 5171097 4991137
TROF 5881522 5841563 5911608
TROF 4321054 4221082 4201104 4201123 4251150 4261175

$$

