
078 
ASUS01 KWBC 121628
CODSUS
 
CODED SURFACE FRONTAL POSITIONS
NWS WEATHER PREDICTION CENTER COLLEGE PARK MD
1228 PM EDT MON OCT 12 2020
 
VALID 101215Z
HIGHS 1018 2789 1022 35103 1030 5069 1032 4669 1031 4664 1032 39107 1025 
36112 1025 39111 1027 39114 1027 39120 1021 47130 1019 6576 1017 7394 1017 
7087 1023 70146 1024 74157 1022 6639 1020 52126 
LOWS 1007 19109 1011 3777 1014 35115 994 4890 980 59102 985 6053 1004 7671 
1002 49112 1003 60147 1002 56158 1008 62129 1006 71121 1011 79104 
TROF 35115 34115 33115 31114 28112 26110 23108 
TROF 2381 2579 2778 3077 
COLD WK 2781 2781 2782 2683 2684 2585 2586 2587 
TROF 1895 2094 2292 2391 2490 
COLD WK 4890 4690 4389 4090 3792 3493 3296 3098 29100 29103 
30105 31106 32107 
TROF 3290 3193 2996 28100 28103 
COLD WK 3775 3476 3276 3177 3078 2978 2879 2880 2781 
TROF 6492 6397 61100 
STNRY WK 32107 33107 34106 35106 36105 
STNRY WK 3862 3863 3864 3766 3768 3770 3874 3876 3777 
TROF 3573 3372 3172 
STNRY WK 3782 3781 3881 3982 
COLD WK 3777 3678 3580 3481 3582 3583 3782 
COLD WK 49112 49113 48113 48114 48115 46116 45118 44119 44121 43123 
WARM WK 49112 49109 48107 46106 
TROF 52116 51115 49114 49112 
WARM WK 4890 4688 4487 4286 4185 4084 3983 3982 
WARM WK 6094 5988 5783 5580 
OCFNT WK 59102 6099 6095 5893 5491 5190 4890 
OCFNT WK 6054 6155 6253 6251 6048 5945 
WARM WK 5945 6043 6142 6340 6437 6434 6331 
COLD WK 5945 5643 5342 5042 
WARM WK 44141 44137 43133 
TROF 59102 57101 54102 52105 50110 49112 
STNRY WK 43123 43126 42128 42130 43133 
OCFNT WK 56158 56156 56154 
WARM WK 56154 56152 55149 54147 
STNRY WK 58111 58118 59122 60125 62129 
STNRY WK 62129 62135 62139 62142 62146 62149 61151 59154 58157 58159 
58161 58163 
TROF 71121 70116 68112 64110 61108 60105 59102 
TROF 5953 5653 5256 5060 4865 
TROF 4178 4079 3980 
TROF 4572 4475 4380 4183 
TROF 41123 39122 36122 35121 34119 33117 
TROF 39118 37117 36116 35114 
TROF 35114 34113 33111 33110 
TROF 45109 43109 41110 
TROF 47109 46111 45114 44116 
TROF 44111 43112 43115 43116 
TROF 72136 71130 71121 
TROF 79151 77153 76157 74163 
TROF 60147 60143 58138 57134 54130 49126 
TROF 69171 67168 63168 60168 
TROF 7051 6651 6353 
TROF 7671 7461 7157 
TROF 7874 7773 7671 
TROF 79104 77109 76118 
TROF 8188 8099 79104 
TROF 48118 46120 45123 
TROF 46106 44105 42104 39104 37104 37104 36105 
 
$$
